-0.075700839     0.470857052      0.133138863      -0.152900389
-0.328561114     0.427323375      -0.181236625     -0.173040968
-0.47072686      -0.150514758     0.000953943      0.070937231
-0.280036902     -0.250587146     -0.216587103     -0.372429639
-0.139358635     -0.124965617     0.081283743      0.083913766
-0.194734695     0.254412894      0.018165404      -0.235386732
0.064275285      -0.198763275     0.243034785      0.03423469
-0.163802075     -0.141687698     0.030127782      0.253213835
0.094540918      -0.149356087     0.201344366      0.103045588
0.239083425      -0.055462042     0.118081797      -0.054430035
-0.089131669     0.13197934       -0.169818986     0.062953244
-0.270625997     -0.302427776     -0.298260559     -0.331336835
-0.237006135     -0.004322338     -0.00813725      -0.110532391
0.152121393      -0.350914009     0.439062967      -0.053733294
-0.311469619     0.20709325       0.152647638      -0.536178406
0.320441408      0.172479522      0.104688749      0.35301371
0.055843205      0.053108953      0.12795054       0.06571093
0.191631343      -0.046265395     0.257921904      0.209601419
-0.147578993     0.204871554      0.337662478      -0.00415291
-0.128210379     0.123474009      0.192856809      0.096766737
0.089292369      -0.234206163     0.258369393      0.381591783
-0.03784245      0.503837913      0.206998949      0.005414501
0.117618151      -0.126617962     0.280820631      0.062320214
-0.037609252     -0.204706037     0.231441445      0.108972626
-0.036609489     0.087138788      -0.319866632     0.076169811
0.352074217      0.053459309      -0.150325433     0.128215
0.098363804      0.030306956      -0.047829606     -0.047189286
-0.465380274     -0.28582162      -0.004095124     -0.062349878
0.143446811      0.018448808      0.39267466       -0.231324534
-0.136467755     0.077469971      0.077969116      -0.066855285
0.007722885      0.448747185      0.21331655       -0.083350273
0.270688654      -0.156293242     -0.054242627     -0.115254972
0.338277963      0.147993534      0.037471326      0.101402293
-0.395449845     -0.17168436      -0.035804909     0.058839552
-0.305079498     0.060403719      -0.031317295     -0.216682082
0.08754938       -0.192219044     0.357888595      -0.084872714
-0.128625064     -0.399521807     0.061700795      0.051187853
-0.095215591     -0.461380373     0.073039402      0.069681856
0.245880254      0.173446312      -0.008384315     0.022826364
-0.092311587     0.015222654      -0.119796506     -0.121241693
-0.233426103     0.07704496       -0.040503068     0.335174696
-0.060070488     -0.412046358     -0.242876487     0.091670239
0.153994796      -0.029070882     -0.003905269     -0.121794785
0.04805256       0.019595883      -0.150806707     0.248777494
0.150833759      0.330234574      0.237817518      -0.08344804
-0.353816313     -0.139506317     0.302033348      0.337818051
0.023266464      0.160070645      -0.234078525     0.006003839
0.138404508      -0.005725208     -0.258785655     -0.211078456
0.275597205      0.185987222      -0.09700133      0.088438837
-0.547194042     0.033099921      -0.011939014     0.246896232
-0.156513038     0.031176833      0.025615942      -0.161358632
0.161608668      -0.033017244     0.15958645       -0.207522375
0.104813717      0.017595028      -0.2032151       0.056267799
0.071223555      0.01717044       0.049290659      -0.367617589
-0.320991003     -0.034312833     -0.127776386     -0.065595269
-0.064536412     -0.029415243     -0.120456918     -0.115066282
-0.432291878     0.170015656      0.109821328      0.131927922
0.00381934       -0.037203913     0.024818968      -0.368688978
-0.198540876     -0.167088307     0.141911651      -0.304575093
-0.287953082     -0.018904953     -0.164738073     -0.053136525
0.033858311      -0.253627648     0.017347431      -0.178227373
0.364965172      0.343744648      -0.035683639     0.074990951
-0.316888356     0.499368055      0.204727634      -0.054049417
-0.174766004     -0.00504126      -0.005584357     -0.114238414
-0.039156189     0.001406516      -0.159386936     0.290174908
-0.141330536     -0.19634302      0.143759128      -0.414082109
-0.208736821     0.061446899      0.105062801      0.479033432
0.122000347      0.195918155      0.163081671      0.046049928
-0.201438362     0.156142207      0.034109293      -0.145378621
-0.032356625     -0.001531293     -0.167531708     -0.22088933
0.196010375      0.251713499      -0.297079236     -0.213242122
0.072388452      0.353366942      0.220111259      0.143096298
-0.321131584     -0.062309425     0.187049477      0.203204641
0.262211281      0.08539478       0.007736754      -0.139801604
0.107877635      0.230915046      -0.478972005     0.223655052
0.043758845      -0.057432423     -0.019256012     0.045199455
-0.025993379     0.026553764      0.163809276      -0.125186185
-0.173010578     -0.221247        -0.098303042     0.266187407
-0.165127637     -0.176049372     0.062331255      0.151032033
-0.190827815     -0.477726685     -0.207503327     -0.248089481
-0.278444748     -0.138009877     0.102719137      0.168326421
0.106501139      -0.10557135      -0.26629848      0.267409412
-0.272002784     0.213262165      -0.110356523     -0.042528014
0.083599898      -0.218910843     0.247134994      -0.118309183
-0.170051631     -0.01701199      -0.044434031     0.159796882
0.173905272      -0.08319645      0.284192172      0.309821655
0.206896087      -0.076697884     0.07307404       -0.089977193
0.004147357      0.027695686      0.246369058      0.087413608
0.079023861      0.300501902      -0.013308753     0.361903804
0.055270428      -0.231184878     0.136211935      -0.048557293
-0.281381633     0.135317204      0.1066526        -0.072372085
0.160937069      -0.138735628     -0.076281382     -0.134486881
0.155010802      -0.225896662     0.319205086      -0.216534092
-0.181629138     0.169465664      0.178101561      -0.271250378
-0.199204023     -0.256864067     -0.164914021     0.118656394
0.072509329      -0.190240657     0.237849596      -0.058407119
-0.217216473     0.202303099      -0.095906973     -0.282786373
0.035052426      -0.021398323     -0.523609205     0.102551834
0.126904684      0.316135378      -0.044369415     -0.120904969
-0.053660996     0.541769073      -0.185327515     -0.342676085
-0.028683719     0.039760096      -0.081561402     -0.133308127
-0.137065243     0.15211393       -0.120459252     -0.213869901
-0.062092427     0.022667038      -0.488771548     -0.016009877
-0.11403391      -0.112574365     -0.100592355     0.149649469
0.506869246      -0.143596153     0.192574073      0.19845747
0.120307194      0.215269137      -0.336984035     0.097401067
0.225512242      0.14583774       0.290121753      -0.154714905
-0.094050313     0.094401704      0.305903378      0.096855876
-0.0414857       0.177792911      -0.189404117     -0.215930291
0.549134673      -0.226712974     0.458931652      0.141951331
-0.166058143     -0.219520667     -0.219883004     -0.032800731
-0.128540026     0.031003237      0.028734195      -0.081290937
-0.028322396     0.108141595      -0.07888647      0.122547674
0.22087323       0.230161447      0.251897322      0.070987195
-0.600204955     0.295409978      -0.25069892      -0.384703743
0.410718765      0.036437582      -0.092390916     -0.397259845
-0.21875921      -0.220216471     -0.297688778     0.412980803
-0.245312703     -0.240505453     0.167642913      0.03725217
-0.068455445     -0.193341735     0.114475026      0.270429117
0.131706516      0.278898252      -0.025821502     0.284774367
-0.170289021     0.080872054      -0.160797735     -0.013683061
-0.375196606     0.298063172      -0.194651811     -0.260427107
-0.097971328     -0.136143057     0.018333431      -0.285211405
0.065648681      -0.010456076     -0.279711066     -0.481768321
0.17303241       0.127364727      0.41145674       0.314655796
0.227943343      0.071376652      -0.220397248     -0.014709258
-0.086791053     -0.23512321      -0.014824147     0.174533165
0.292595159      -0.297210565     -0.119986141     -0.040980782
0.239561542      -0.489074477     -0.051855509     0.252238389
-0.092457332     0.130039863      -0.016009042     0.059658288
0.182569551      0.119491769      0.108212604      0.061845513
0.211313455      -0.001183107     -0.16544014      -0.054558206
-0.276310855     0.406976092      -0.194278491     -0.017596837
0.304484334      0.055257796      0.157579032      0.185176163
-0.015603857     -0.099293242     0.402317158      -0.540094559
0.100469261      0.234043244      0.143823639      -0.17110102
-0.017442626     0.2008301        0.088888864      -0.220807159
-0.138190677     -0.141327939     0.037773822      -0.078642542
0.305284586      0.01371285       0.01543834       -0.201057729
0.262813336      0.17748525       -0.385757824     0.136427595
-0.213950823     0.19021609       0.114479379      0.254675564
-0.003180773     -0.026595203     -0.100818434     0.185409853
0.107786143      -0.257116852     0.059655033      0.217103244
-0.356943325     0.332232971      0.300539708      0.170161882
-0.09002107      0.027315311      -0.027712893     0.173242658
0.095699295      -0.092872766     0.116211302      -0.196925121
-0.069285715     -0.061284761     -0.142021515     -0.357463407
-0.408857316     -0.08716246      0.281413367      0.429403905
-0.296725199     -0.34156456      0.285707019      -0.121768146
-0.184591294     -0.034257844     0.154488357      0.336419762
0.034848906      0.19776315       0.159545005      -0.323996896
-0.363464637     0.457128411      0.059318062      -0.031159052
0.100008136      -0.107189404     0.075458902      -0.026037184
0.212709271      -0.03781775      0.100117207      0.033590881
-0.113040532     0.131450168      -0.034028892     -0.190808278
0.1888186        -0.033425524     -0.110266792     -0.063871253
0.194619787      -0.1073534       -0.06071739      0.162170085
-0.003433214     -0.066687808     0.105905848      -0.011510671
-0.07198547      0.04458083       -0.077105914     -0.113654718
-0.038036857     -0.448340434     -0.385276677     -0.092802436
-0.375510619     -0.128558617     0.147868709      0.499253827
0.112069907      0.025901356      0.047130908      -0.136307952
0.067076949      0.100136786      -0.135227405     0.127804863
-0.030604556     -0.196137574     -0.046879359     0.256674546
-0.543697491     -0.119684159     0.080958517      -0.213837221
0.058443557      -0.337396944     0.329056802      -0.073252742
0.113064442      0.092597101      0.214214774      0.082999138
-0.174843793     0.126596915      -0.12126132      0.243022767
0.201806774      -0.014824002     0.493087792      0.227372844
0.115411022      0.005592313      0.259414692      -0.013357719
-0.237599482     -0.502419898     0.09778201       0.072854009
-0.191718827     0.282696804      0.075912203      0.038942616
-0.044149109     -0.060643907     -0.098979896     0.052987297
-0.198100865     -0.119862227     0.108413097      -0.037830919
-0.209211044     0.003932438      0.132974307      -0.371505091
0.271929583      0.120526461      -0.024378542     -0.054491704
-0.231184799     0.314737003      0.092379381      0.057613557
0.052168632      0.0777116        -0.172730494     0.076291021
-0.311647295     -0.224979253     0.234418975      -0.005951907
-0.001428091     -0.015857574     -0.01796965      0.08176248
0.113544446      0.021508501      -0.365576797     -0.049137511
0.222208837      0.032848958      -0.091041178     -0.345970427
-0.223868946     0.196888829      0.054467863      -0.037466791
-0.149067138     -0.017452943     0.121522183      -0.026024018
0.179137054      -0.156356991     -0.231153921     -0.475503144
0.118048885      0.278522492      0.011390733      0.182458842
-0.057692456     0.549054509      -0.02018288      -0.221023188
0.009632693      -0.06007303      -0.095278041     0.122499107
-0.097785211     0.188014141      -0.190010315     0.04846072
0.142597317      0.216482572      -0.271851069     -0.194275843
0.069718231      0.184019219      0.045486832      0.048372466
-0.018712291     -0.081243044     -0.221738596     0.255158135
-0.169076996     0.132900467      -0.158412866     0.036755951
0.055521247      0.245410209      0.155166036      -0.057653631
-0.05778026      0.597780507      -0.103003301     0.007975915
-0.37026535      0.079933813      0.06203939       -0.063267964
-0.19109372      0.01430923       0.205377753      -0.317034375
-0.33742717      -0.189735622     0.041529029      0.032165982
0.186650543      0.002679919      0.015567867      -0.184847085
0.302790175      0.141202763      -0.120294618     -0.315378724
0.611169934      -0.102487844     -0.154843806     0.19333734
0.924259255      0.02284939       -0.008312708     0.039403806
1.126873667      0.179460514      -0.048090017     -0.022474891
0.695836878      0.105732373      -0.034395011     0.012402163
0.852710958      -0.291490493     -0.034383614     0.08995227
1.089583766      -0.591015588     0.257217661      0.038194707
0.742423658      0.07584161       0.219881911      0.659777779
1.300892735      -0.072950295     0.094832633      -0.15052368
0.837343616      0.081008836      -0.042397342     -0.135678231
0.906321359      0.062750705      -0.332299424     0.135204505
1.241392853      -0.093336302     -0.186857974     0.223364722
1.108394582      0.074621199      0.222479657      0.020280418
1.171104659      0.115403254      -0.179823554     0.014302299
0.77003951       0.192818107      -0.062306179     -0.027830575
1.212671326      0.020001953      0.218382804      0.248847557
0.998470061      -0.17489086      -0.260910634     -0.07851976
1.096576697      -0.03974031      0.348671279      -0.061305179
1.00512919       -0.247407825     -0.02227376      0.232659458
0.964427642      0.027504671      -0.482997833     0.237638842
1.423056188      -0.286681057     -0.20671831      -0.063732018
0.731544268      0.42301002       -0.056283833     -0.071416385
1.285833127      -0.375590862     0.277195194      0.305704486
0.932619013      -0.024411516     0.213706588      0.267376237
0.852386514      0.404835582      0.142713901      0.232998168
1.138466015      -0.217549272     0.081052988      -0.142365211
0.91749786       -0.169775923     -0.019810437     -0.272624627
1.182524037      -0.411374915     -0.101867726     0.19094836
0.808365452      -0.303894333     -0.220474443     0.027246466
0.785607021      -0.208969432     0.20250102       0.253575302
1.254605092      -0.317243082     0.021846551      -0.258717864
1.148178252      0.075245943      0.196012644      0.370161374
0.966457759      0.29450789       0.461175812      -0.065309512
1.100753779      -0.170922118     0.086896242      -0.02907306
1.010903583      -0.225563969     -0.030546359     0.052076107
1.015375698      0.23384417       0.201976065      -0.130815113
0.902508233      -0.294089861     -0.088765621     0.038096533
1.053982576      0.069756826      0.087820691      -0.128300346
0.976039639      0.154408844      0.379687036      0.044516107
1.255349968      0.410685083      -0.122224302     -0.176800163
0.663252155      0.093570018      -0.18759699      -0.158808894
1.13216342       -0.165925799     -0.213436172     0.160990189
0.888283345      0.26930527       0.247930825      0.439440151
0.890761008      -0.323975849     0.119462324      -0.056345066
0.989968941      0.109226262      0.254401811      -0.139721482
1.278051407      0.018217964      0.150218641      0.191121918
0.715031523      -0.462759983     0.044620156      -0.05343096
0.818461983      -0.013598746     0.048064705      0.137082678
0.95575903       0.079630657      0.016477468      -0.32569559
1.034540029      0.003237563      -0.136531712     0.102381646
1.038687403      0.308401277      0.025480073      0.423402804
1.393740695      -0.090214232     -0.060821338     0.04707838
1.045162307      -0.277453763     0.140594085      0.253011016
0.986162791      -0.056603436     -0.212891728     0.020718462
1.03589364       0.034668906      -0.227778811     0.195899312
0.820185827      -0.473163978     0.313027071      -0.074911813
1.147388655      -0.07644643      -0.033347639     -0.083523142
0.850949987      0.127711998      0.261250523      0.084182735
0.814314283      -0.018735644     0.206222521      0.09768484
1.085839191      0.118488143      -0.160851788     0.251225113
1.112093889      0.307432396      -0.187497783     0.189548145
0.68456818       -0.364956553     -0.120405819     -0.147822165
1.268886853      0.284017264      -0.399556151     -0.059750881
0.595268956      0.144878476      0.064469394      -0.040388925
1.20341974       0.27718812       -0.105464807     0.129535382
1.013335181      0.13454406       -0.28437301      -0.283449193
1.235397202      0.018260038      -0.170731652     0.198506812
1.114441567      0.380598054      0.242795439      0.007714617
1.295818773      -0.04173301      0.229180404      0.025470246
0.999781798      -0.399087241     0.237703782      0.150307228
1.170991337      0.010337551      -0.134437533     -0.012562426
0.779076134      -0.38798466      0.309403621      -0.140526231
0.978360817      0.279403687      -0.174462194     -0.143912215
1.281793712      -0.287368811     0.130392373      -0.110557516
1.14161237       0.2399085        -0.035449494     0.056524294
0.702052757      -0.144380057     0.284007569      -0.284545387
0.879877715      -0.071162123     0.139059293      -0.25266967
1.025597575      0.297374503      -0.309207118     0.175577
0.826204846      0.095509872      0.292049241      -0.151559429
0.845893568      -0.274044848     -0.06812715      -0.086003532
1.338726565      -0.035423792     -0.13966027      0.444429226
0.785250762      -0.066511822     -0.067503002     -0.081175782
1.043591847      -0.178043795     -0.243076224     -0.076495431
1.168649694      0.128143282      -0.098094145     0.106138263
1.041387138      0.527470296      -0.250331074     0.167564668
0.964437084      -0.220139712     0.291768068      0.159146361
1.133270699      -0.041614057     -0.015201501     0.538789034
0.903046331      0.535225123      -0.460070756     0.412069859
1.315926153      0.041882096      -0.246905762     0.248186328
0.883223918      -0.068945016     -0.063745704     -0.255805004
0.767582777      -0.000906807     -0.559392722     -0.05698561
0.333852932      -0.333725443     -0.422211101     -0.414677984
1.055252095      -0.028921618     -0.341298192     -0.279344303
0.797894532      -0.216958642     0.197231598      0.048297299
1.010436615      -0.249262522     0.05358738       0.092989374
0.687786187      0.044218833      -0.041448049     -0.211402387
1.194346794      -0.148630368     -0.28398442      -0.080960888
0.954741643      0.101303277      -0.09563945      0.31039929
1.222684141      0.08934434       -0.239768232     0.003937547
1.10291361       0.074172094      0.022295729      0.24084336
1.187539515      0.026356444      0.109063581      0.100226283
1.111587239      0.10408041       -0.039108579     -0.062503612
1.042202557      -0.222276233     0.06103091       -0.155778526
1.303317025      -0.256175124     0.213381369      0.096491957
0.913353425      -0.157910783     0.00663787       -0.12716832
0.740431701      0.22716927       -0.207115515     -0.016447174
1.40450587       -0.008199029     0.377823285      0.062873481
0.943845722      -0.032647096     0.048570288      -0.013758157
1.190647701      -0.044493887     -0.096735201     -0.191688825
0.938733418      0.02059363       -0.029471465     -0.217008965
1.0516524        0.10476153       0.049867916      0.062668831
1.105306482      0.006447794      -0.029369739     0.127741935
0.623167487      0.196092553      -0.139976131     0.062059986
1.0661894        0.25189077       0.130811472      0.102212186
0.811281563      0.215046403      -0.018498977     -0.221333348
1.380730909      0.035285204      -0.12328264      -0.055148595
1.136247495      0.282787493      -0.373006762     0.15029933
1.244350446      0.032194332      -0.111223143     0.282095558
0.944487286      0.043513516      0.074680056      -0.184717907
1.016720011      0.025055665      0.129525626      -0.331895274
1.066452671      0.145134825      -0.254868063     0.022860824
1.075939048      -0.12613801      0.302263768      0.072501876
0.808358466      -0.159901293     -0.213699132     0.179939162
0.954522198      0.326605386      -0.122023653     0.291050181
0.755010808      -0.271366425     0.03542987       -0.011138081
1.293634434      0.257726086      0.083605411      -0.268560651
0.954690306      -0.322771643     -0.004157635     -0.319143469
1.140883619      0.362152767      -0.118513078     -0.331547286
0.970761236      -0.01152462      -0.34966752      -0.00659169
1.153856195      0.483012669      -0.211433646     0.080330075
1.073047188      0.068048023      0.052918116      -0.128772031
1.20926715       -0.121663342     0.070634916      0.264621503
1.181948568      0.175227036      0.049254065      0.113339135
1.09696346       0.052837135      -0.014038838     -0.047218693
0.920150122      0.141481653      -0.002569579     0.137407483
0.910989844      0.050377208      0.020482854      0.090377435
1.112342338      0.277212084      0.605151068      -0.069817348
0.840498487      0.191122859      0.001113264      0.09400613
1.231880703      -0.079474328     -0.204835493     0.259516909
1.125870191      0.047465458      0.211488002      0.162906973
1.098794031      0.328249198      0.292006344      0.122101828
1.014244487      0.039029408      0.167712915      -0.101359779
1.194058005      0.248985074      -0.024093533     0.034124953
1.06200705       0.221319488      -0.313756676     -0.210598187
0.972090288      0.048142803      0.153973204      0.070301901
0.934737773      0.165579841      0.228138285      -0.083402982
0.976238099      -0.109456462     -0.239231649     -0.165968613
1.178711779      -0.009716541     -0.209580259     -0.181791969
1.042222902      0.387113666      -0.136784328     0.011838346
0.902244041      0.05071951       -0.181809774     -0.045351646
0.955925615      0.250577937      -0.005673093     -0.173535788
0.540750844      -0.084344514     -0.389352358     0.014770943
1.055382455      -0.47559852      0.028871263      0.345923228
1.194763253      -0.180497795     -0.072015089     0.349445757
0.772681148      -0.047552337     0.26448672       -0.147112891
1.019216427      -0.243601197     -0.211646056     -0.132567822
0.902930053      0.168825082      0.372301098      0.013190525
0.842320195      -0.001674605     -0.034597965     -0.067712555
1.017567971      -0.193215692     0.021262594      0.357830248
0.851530813      0.21662785       -0.162465001     0.098931153
0.984528659      -0.065097469     -0.366417495     0.113707934
1.264654563      -0.231878892     -0.311215159     0.114065276
0.659707616      -0.022011299     0.022931853      -0.058390839
0.865304375      0.031265462      -0.005076378     0.166663763
0.914058658      0.476627499      0.25698856       -0.274083758
1.249573769      0.053071215      -0.023446275     -0.001034277
1.176775986      -0.073219511     0.257184558      0.265725762
0.98842161       -0.198043135     0.339885193      -0.359583607
0.754535129      0.032868337      0.053980617      -0.207594605
1.055040658      -0.066749746     0.196899572      -0.223516439
1.020453145      0.165588905      -0.079352677     0.146340545
1.100356041      0.053853021      -0.313198056     -0.004409143
1.000460045      0.29104598       -0.040638534     -0.050898112
0.719439502      0.044493894      -0.035957908     0.1469657
0.9425099        -0.278542961     -0.238223722     -0.363144004
1.30034246       -0.175613568     -0.022821801     0.18532417
0.665850346      -0.004370827     0.303015619      -0.097534808
1.030246252      0.12042885       -0.08504874      0.075122849
1.317524058      0.489451764      0.364290902      0.200992531
0.909353964      0.133211771      -0.199565263     -0.130545759
1.100992414      0.117272362      -0.26644923      0.342834276
0.903885408      -0.253611711     -0.29458459      -0.033476859
1.082119721      0.071710428      0.070815943      0.162284934
0.733379102      -0.262728087     -0.053672333     -0.324780818
0.875774778      -0.116122818     0.025706696      -0.174380739
1.213813631      0.172953104      0.193350909      -0.017887532
1.457343254      0.190861573      0.273472241      0.189322713
0.914948905      -0.082960289     -0.095851556     0.021519187
1.074896715      -0.111723648     0.330473829      -0.282354013
1.242758089      -0.05405523      -0.029157159     0.113111726
0.955155767      0.378623885      -0.06664317      0.047672613
1.0291133        -0.539397296     -0.271251337     0.206496484
1.151360734      -0.026456017     -0.208359256     -0.023933786
0.523398883      0.221157037      -0.018529454     0.439873773
1.125445749      -0.03259477      0.043893019      -0.222073509
0.8261027        -0.236193883     -0.195936037     0.121919049
1.021744668      0.13016691       0.22103574       0.322995128
0.935560445      0.17546651       0.254940223      -0.091647154
0.984699077      -0.245255792     -0.387568762     0.129027556
1.184316705      -0.062638617     -0.142658823     0.070934763
1.06440066       0.131818364      0.143976718      -0.078166051
1.332592621      0.033982776      1.28459352       0.13821108
0.945109048      0.224089746      1.196574701      0.177467499
0.839195154      -0.015193929     0.897146198      -0.021490548
0.61807016       0.18427414       1.26693217       0.002093691
1.183006038      0.112130866      0.679344097      -0.239378239
0.751630065      0.214471433      1.006268529      0.146430444
1.115620619      0.006158685      1.334984661      -0.230564274
1.08574597       -0.201650639     1.129354782      0.107211121
0.511088306      -0.271714305     1.103374433      -0.060882265
1.025721777      0.152381231      0.619578616      -0.338003933
1.016518932      -0.084610826     0.746248716      -0.109295354
1.155382622      -0.163462734     0.826045895      0.090952948
0.818368636      0.137705494      0.88587296       -0.129906895
1.252676329      0.078343249      1.330567284      0.149379662
1.208606352      -0.230607907     0.971817635      -0.198025959
1.470522014      -0.33577231      0.864689159      -0.015329471
1.292745982      -0.295579294     0.97312827       -0.332413246
0.832159201      0.298987982      1.251393938      -0.129974256
1.014623404      0.091545795      1.077330731      -0.172440197
0.890756796      -0.0543216       0.926766815      -0.11499213
0.706988836      0.10425481       0.560032272      -0.051102276
0.62884218       -0.018900975     1.141446545      0.060879641
0.996949012      -0.300717213     0.92944288       -0.123308936
0.763806436      0.174610042      1.049752826      0.138936799
1.066502358      0.189267181      0.972917787      -0.181038564
1.161731704      -0.268336849     0.955470202      0.091549717
1.2473288        0.281732089      1.089957154      -0.104068888
0.948896432      -0.028567774     1.048804006      0.379068844
1.221420059      -0.151765318     1.003129457      -0.015130872
1.226837558      0.649595253      1.3565864        0.143204207
1.075166052      -0.034242334     0.804355753      0.167964049
0.891334996      -0.338181453     1.099399692      -0.099952224
1.190570258      0.019131815      1.073148407      0.114900534
0.627107063      0.122030122      0.866428451      -0.175712569
1.267757208      0.223457452      0.671271097      0.227043937
1.249146986      0.076230779      1.085223942      0.173208164
0.977063989      -0.022572145     1.132499822      -0.009656956
1.050713159      -0.115408155     1.144872201      -0.0638588
0.650432699      0.121095037      1.047564688      -0.29381582
0.863280117      -0.138572684     1.073765715      0.06153788
0.908711623      0.180487425      0.992940601      0.160375889
1.373252254      -0.075757954     0.940765373      -0.209388647
0.700074571      -0.419226833     1.147701426      0.13204298
0.805361762      0.166066572      1.085647067      0.147681292
1.05289184       -0.055163398     1.405114455      0.363522876
1.050153507      0.005106678      0.949388287      -0.165558459
0.956698593      0.323142091      0.749585145      0.077150473
1.009164561      -0.034835477     0.904872249      -0.43152281
1.155428572      0.047249119      1.057935961      0.023926674
0.936666021      0.029901251      1.149314905      0.139763429
1.216292498      0.307118729      1.020899687      0.255647712
1.155936212      -0.061957268     1.08142134       -0.22463911
1.348804734      -0.16036678      1.060296312      0.10867918
0.94696085       -0.147962992     1.174407777      -0.007670777
0.79135869       -0.419455508     1.380240161      0.080090124
1.045922467      -0.373786372     1.240207336      0.217376012
1.184308944      0.260402006      1.099732354      0.011490618
1.277300291      -0.010676816     1.06559653       0.337163039
1.389965711      0.015242254      0.79262647       -0.161272521
0.609765124      0.046114972      1.125614048      0.266844888
0.921500616      0.240956445      0.722201497      0.225703723
1.262960429      -0.055366073     0.900631499      -0.32483206
0.804772184      -0.033869373     1.412924839      -0.066788751
0.928143392      0.186839118      0.899781181      -0.24230313
0.755737849      0.225075081      1.104184605      0.204004851
0.836821334      0.19570646       1.108778663      0.351161637
0.856132856      -0.231735369     0.908616039      -0.60747066
0.833382255      0.039814871      0.873725867      0.436996163
1.11177424       -0.089452416     1.177707076      0.028353376
0.576463259      -0.090384197     1.370996118      0.027470862
0.998168377      0.057115401      1.035556462      -0.27905855
1.290689302      0.309009515      0.828558519      0.025860936
0.727930235      -0.343659204     0.999505927      -0.120319554
1.093559597      -0.167734099     0.56269085       0.201213354
0.766917848      -0.005160529     0.853153108      -0.272031882
0.941673771      -0.076555635     1.230574989      -0.209791622
1.032520508      0.170186166      0.708459296      0.099699161
1.194786524      -0.039824425     1.015826604      -0.018032637
1.047192621      -0.095342526     1.41919537       -0.060281317
0.857801537      0.282684144      0.780598313      -0.211422722
1.150700132      0.186506251      0.875769018      0.086976449
0.679228296      -0.203099366     0.973104467      -0.112999332
1.147350861      -0.355243726     1.225297458      -0.046109027
0.804141419      0.046866097      0.901434203      0.053195883
0.768654476      0.480097261      0.807099923      0.339799491
1.021589699      -0.098261767     0.946153618      -0.001742627
0.591847696      -0.276932612     0.88676456       -0.221875401
0.860585321      -0.214681588     1.06738188       -0.081632371
0.835759972      -0.265278748     0.973190468      -0.203558602
0.775168626      -0.069310346     0.953133566      0.10565967
1.037495057      0.193713412      0.762552574      -0.157863472
1.021519601      0.062105638      1.346210105      -0.078820351
1.106762671      0.20505136       0.813484205      0.005497944
1.344480237      0.23450802       0.635655195      -0.128039105
0.968381443      0.04793584       0.891013538      -0.024327602
1.397682555      0.07178226       0.794497699      -0.149003377
0.635652349      -0.194292495     1.263383479      0.043243824
0.657922501      0.133073734      0.978358341      0.348113916
0.800231397      0.016460416      0.839023712      -0.06793165
0.94677807       -0.154831499     1.057280285      0.115617775
0.982008523      -0.068302282     1.075312329      -0.248181718
1.327937557      0.041683721      1.203578745      -0.033699596
0.909104956      0.484171675      0.882301267      -0.088298771
1.208076854      0.25623474       0.756935236      0.108756238
1.034042589      -0.183239711     1.196640012      0.017296559
1.174345959      0.130876987      1.010543072      0.005817008
1.226181321      -0.175813569     0.936000781      0.352204136
0.63326743       0.115782953      1.063867066      -0.050643423
1.126533714      -0.249926751     0.990709761      0.028375299
0.909013282      -0.285734776     0.903044838      0.011361104
0.907075345      0.036333686      0.896400525      -0.067114684
0.785507998      0.18355015       0.95945053       0.178788315
0.928878903      -0.185397827     0.929266631      0.157207672
0.732280009      0.189480002      1.0269244        0.393420278
0.834930902      0.249040347      1.203715057      0.022476628
1.001361511      0.131429392      0.813993026      0.059863618
0.949541449      0.223501721      1.218140106      0.074221862
1.149167047      0.022415547      1.091762199      0.369758555
0.548923609      0.349203805      0.825827389      -0.100066618
1.166388345      0.189066052      0.931282183      0.012133882
1.092012533      0.041831876      1.220273314      -0.012415619
0.739314961      -0.117420762     1.275937706      -0.178793397
0.901902198      0.036037051      1.057190404      0.025608507
0.933273118      0.246041025      0.96247374       -0.233002193
0.991743597      0.132461551      0.629654745      -0.18156694
0.782313415      -0.136384893     0.633644829      0.017220251
0.758051595      -0.163973799     1.120204658      0.293840763
1.356932307      0.107256121      1.054205727      0.130757348
0.812501442      -0.196457849     1.184116956      0.344783153
0.830778411      0.27448511       1.308722036      -0.171431938
1.008043172      -0.00910083      1.226959082      0.249396886
1.201997132      0.038556869      0.915645689      0.3335891
0.807270205      -0.436445485     1.191794969      -0.19839543
1.055177979      0.261619288      0.895625777      -0.394973182
1.237558063      -0.073403488     1.160122474      -0.054007719
1.030645506      0.165391474      1.28784767       0.122033583
0.958980192      -0.410117584     1.01110228       0.068864365
1.068054963      0.108342894      1.167387726      0.140736157
1.021666259      0.072597804      0.811803651      -0.276424704
0.797190395      -0.318315965     1.00200229       -0.129182231
1.061989704      0.034566456      0.826870504      0.250929284
0.825020463      -0.254592731     1.03241988       0.018710993
1.386279792      -0.173579085     0.87957334       -0.013560663
0.821715168      0.125264221      0.929900754      0.056913142
1.322302185      -0.021126128     0.904309194      0.207003126
1.086556054      -0.051264287     0.937490629      -0.427275437
1.118208054      -0.143746483     0.844329752      -0.3193368
1.002501766      -0.404027423     0.868094014      0.15325537
0.720974665      0.077922602      0.948513537      0.360860192
0.992655101      -0.478398436     1.233475201      -0.022436826
0.954836197      0.21251317       1.253283842      -0.102695809
1.474561071      0.033735144      0.994011481      -0.006754897
1.07764914       0.019550442      1.125245347      -0.145124894
0.977242548      -0.09484588      1.228735658      -0.16761242
1.015804884      -0.426725164     0.850090389      -0.24884459
1.415307261      0.096180319      0.946474454      0.092004135
0.677924372      0.061256937      1.092210393      0.024263446
0.983678209      -0.078228712     1.127912831      -0.202212695
1.030260409      0.055488941      0.952236656      -0.035002729
1.057252987      0.161767821      1.053190062      0.094026369
1.276098992      0.095031979      1.016385842      -0.164328594
0.856079027      0.130859077      0.906461986      -0.223579771
0.592232289      0.098014317      0.557995646      0.026941398
0.894529774      -0.124620232     1.127192627      0.101716166
0.841505957      0.387191036      1.137870045      -0.187715358
0.617825327      0.111754048      1.168627882      -0.377812995
1.039050275      0.075527991      0.955814264      0.096432765
1.026643474      -0.066293416     1.346424302      -0.105634535
0.81066061       -0.342273612     1.169039109      0.339711305
1.429342895      -0.047934314     1.248751899      0.022098883
1.29280976       -0.094488531     1.011171888      0.21208747
0.875072552      -0.403188245     0.411972184      0.080409637
1.267309479      0.158622937      1.200506076      -0.016376391
0.765213925      -0.014448605     0.862885381      0.228453263
1.02936414       0.273557701      0.801669917      0.130004853
1.455432134      -0.02908327      0.915759843      -0.009829347
1.185977282      0.302004367      1.360487108      0.235268552
0.92238039       -0.23199441      0.555079501      0.295525332
0.566903842      -0.219096498     0.876922809      0.060671422
1.145111592      -0.064927783     1.249391924      0.189332847
0.833938524      0.221683457      0.910480877      -0.173702839
1.336139873      -0.300323594     1.243545619      0.159091719
1.2627529        0.353083518      1.247185669      0.049532445
1.070275438      0.11413114       1.392294483      0.27095928
1.28203875       0.112798415      1.173753514      0.020258501
0.692807717      -0.163183099     0.659226156      0.002127851
1.434720287      0.034342284      0.600443713      -0.259014299
1.32354823       -0.144571451     0.551351878      0.161420968
1.245946693      -0.038491822     0.761363267      0.104739115
1.093380924      -0.064400603     0.568642715      0.016983152
0.838283319      0.170442954      0.926482841      0.045530072
0.903684948      -0.078871307     0.744395704      -0.036963595
0.91928917       -0.124233616     0.603545465      0.000558161
1.271862124      -0.002882907     0.752466682      0.178032073
0.615258374      0.120848398      0.891821565      0.187758328
0.934866388      0.169582326      0.956148384      -0.168088502
1.11286419       0.129745019      0.740179589      -0.229836032
0.660190992      0.260815649      1.289942641      0.108368421
0.893409207      0.163214989      0.960649313      -0.231884939
1.315853355      -0.3359245       1.178253283      -0.009841851
1.071020067      0.413843867      0.012050232      0.673091909
1.098798107      -0.013642137     -0.042582219     0.687034086
1.067261832      -0.087620595     0.160407077      0.742799261
1.015819724      0.006804357      -0.312160009     1.215955838
1.103362528      0.344079966      -0.16493797      1.157501243
1.231017129      -0.185254473     0.21640673       0.821371067
1.022856988      0.168049666      0.049347116      1.12957263
1.087960733      -0.358023249     0.064982523      0.948137876
1.044971897      -0.186074493     0.02252368       1.081737156
1.259915982      -0.350858203     -0.244806807     1.241417716
1.281695497      0.044176278      -0.355260619     1.044542963
0.860251469      -0.192712873     -0.333122696     1.159399283
1.396326997      -0.209568591     0.149914784      1.156256606
1.203051882      -0.179658228     -0.008695433     1.251659007
0.959027086      -0.108334007     -0.010526901     1.19285289
0.781335699      -0.034723159     0.18484474       1.209682689
1.053222803      0.330595565      0.23828519       0.894139199
1.394108905      0.252102626      -0.273063387     0.954206127
1.059976547      -0.076789454     0.09658395       1.139987391
0.878689323      0.143535002      0.323477055      0.968845248
1.08345067       0.022267424      0.338240751      1.162394531
0.886119264      -0.083767249     0.000888599      0.953361902
0.908317043      0.091636186      0.185692595      1.135703598
0.941432947      0.024594099      0.146297686      0.666013056
1.266703931      0.139715578      0.352579173      0.917344539
0.834624697      -0.064422803     0.352061228      1.051063759
0.858824452      -0.084512152     -0.192317539     1.460944772
1.411732888      -0.097365555     -0.15756561      0.886014126
1.047037299      0.131544475      0.415411995      1.113299635
1.044771707      0.087310383      0.089188938      1.263523617
0.879832097      0.157693612      -0.083567251     0.847292491
0.903403768      -0.122393859     0.115028022      0.688886504
0.794248216      -0.090767447     -0.070530482     0.904448002
1.170899788      -0.244350298     0.138946617      1.10887612
1.227977419      -0.294403453     -0.135594317     0.814301397
1.032318482      0.121869073      0.11784564       0.858701007
1.230274698      -0.287579755     0.285158083      1.141900185
1.069978755      -0.081661927     0.09819286       0.99695886
0.947162978      0.006728289      0.043199047      1.246563915
0.749760731      -0.2262197       -0.377389005     0.632047162
1.249394134      0.399834231      -0.044494993     1.014997181
0.80124792       0.031071287      0.006664605      1.002932528
1.133671133      0.041307811      0.10420306       1.145344142
0.974691807      0.077033955      -0.060699348     1.261401269
0.944887505      -0.038573278     -0.014333469     1.160529583
0.826081808      -0.315690584     0.064772419      0.884442398
0.792811999      0.040273818      -0.13576327      1.073619796
0.937674507      -0.290357222     0.034589088      1.406852222
0.906762232      0.102940443      0.01253427       0.906748559
1.10124809       -0.021435466     -0.279498857     0.868333562
1.166588225      0.065847942      -0.102043502     1.096239237
0.984498187      -0.183196403     -0.044704125     1.483149357
1.42249898       0.015754803      -0.045153917     0.624346376
0.871539204      -0.081525549     -0.249631013     0.763818595
0.822987891      0.092649668      0.156182752      0.926365103
1.040575273      -0.04584374      0.235547733      0.838790439
1.200953617      0.00024951       -0.033145541     1.236534301
0.827819766      -0.095434907     -0.237177325     0.92000681
1.119474549      -0.261145484     0.111191109      1.346864056
1.081240846      -0.001329979     0.108221948      0.737697447
0.853970362      -0.001998184     -0.20614545      0.987045712
1.192404272      0.001538982      -0.036476208     0.977601595
0.87427008       -0.229218484     0.06658963       1.2487242
0.970553582      0.195808361      -0.254251743     0.813525135
1.063589132      0.123144206      -0.014432789     0.928202024
1.387310687      -0.048066754     -0.336752469     1.105706008
0.716349919      0.122005925      -0.026233563     0.900541323
0.772827564      -0.288403978     -0.060620665     1.197807102
0.687450668      -0.45831678      0.012578862      1.07567118
0.804098767      0.06113503       0.146195264      1.103486214
0.97677772       0.317386285      -0.067640918     1.016628837
0.827293496      -0.118215533     0.367060645      1.168228736
0.848454879      0.017933524      -0.146039963     1.387574508
1.282846275      0.130863093      0.163168034      1.032350135
0.93861778       0.192440566      0.033660912      0.925279131
1.03129697       -0.291781836     0.101932272      1.001861039
1.077291205      0.000461085      0.335321784      1.048886384
0.678781049      -0.205159178     -0.210830562     0.998818542
0.434779399      -0.049485477     0.205722845      1.376294028
1.148600076      -0.143540339     -0.262815339     1.035807384
0.658125897      -0.036373536     0.082298479      1.031401122
1.119457325      -0.06091932      -0.302797089     1.394576628
1.044074         -0.24508364      -0.17026903      0.968703113
1.01161298       -0.075561693     -0.129335439     1.043746676
0.9726118        0.175318733      -0.416869615     1.199451385
1.278979336      -0.046883319     -0.073991226     1.019905694
0.945956774      -0.231503565     -0.270688361     0.959159433
1.082797454      0.005448858      -0.80865527      0.911167771
0.981416171      -0.298052353     -0.033158807     0.846526644
1.117635005      -0.166336344     0.133742618      1.209877429
0.929612862      -0.047231265     -0.238468088     0.770819185
0.864750372      -0.182765381     -0.124770128     1.027130394
1.31656598       -0.061169706     0.034439462      0.938707046
1.133633953      0.234220315      -0.056403367     0.714232197
0.729509024      -0.374327311     -0.084203561     0.970265597
0.790866601      -0.380368262     0.247027074      1.20419228
1.013937075      0.002824547      0.275443982      1.08009424
0.838165101      -0.077152845     -0.037651833     0.846181177
0.943882782      -0.033898974     0.118591362      1.124045114
1.236790864      0.095328541      -0.054672615     1.080899952
0.913134804      0.209336797      0.028761159      1.02062895
0.948011388      -0.065751139     -0.127523322     1.059953674
1.036911852      0.192636503      -0.18463653      0.892175653
0.719398738      0.333647636      0.305066471      0.860413977
0.872036874      -0.216870625     0.24823265       0.62840227
1.084700612      0.220416462      0.10815628       0.84134953
0.908817206      0.344145943      -0.448489169     1.031291453
0.902889768      0.164375645      -0.112955048     1.004394014
0.846270334      0.178605426      -0.250937757     1.086057241
0.794986992      -0.202423325     0.128836464      0.729539985
1.031300724      0.036408893      0.115603827      0.939295971
1.036602124      0.07484158       -0.126060796     1.004613824
1.074686189      -0.043479177     0.208605845      0.841750229
1.176782591      -0.161817443     0.17386233       1.209889754
0.910131302      0.042330466      -0.183749458     0.747330859
0.609444134      -0.175380767     -0.010385959     1.108445505
1.111992538      0.256743692      -0.012083329     0.875136265
1.030148545      0.323579885      -0.102407233     1.04017028
0.945264478      0.035904938      -0.14272237      1.27744577
1.201092906      -0.308511659     0.079277609      1.048703574
0.72364755       0.192710631      0.260325702      1.005695154
1.048778572      -0.17538599      0.069848283      1.35849322
1.088165827      0.204520291      0.17855463       0.930660001
1.279346419      0.343746154      -0.187683368     0.931494534
1.491032495      0.066398052      -0.189537954     0.962718687
1.26657367       0.118267436      0.08241643       0.99434429
1.006738184      -0.010660622     -0.178945643     1.128397531
1.116160606      -0.098857161     0.03271655       0.853961224
1.35297528       -0.176804709     -0.21136295      1.144257156
0.894697015      -0.023429247     -0.077429695     0.889446816
0.94411323       0.277859506      -0.220839438     0.59376209
0.743526484      0.140244498      -0.036164756     1.00575817
0.755631223      -0.040968772     -0.117630841     0.900940326
0.840305466      -0.206444809     0.214323672      1.073246246
0.713341599      -0.065527566     0.081211843      1.288917341
1.038617485      -0.174764182     0.00075086       0.806454961
1.292468886      0.138803716      -0.163977723     0.63807603
0.770255538      -0.267754772     0.09665689       0.693254708
0.571827753      0.033727121      0.07533146       0.454145231
1.076234936      0.228976534      -0.120572315     0.608577295
0.813677094      0.113539164      0.283268287      1.149917946
0.728396139      -0.052886801     0.111446797      1.147958765
0.964493588      0.206764447      0.196248263      0.888761959
1.17561187       0.426294483      -0.117236572     0.88368622
0.759697042      -0.001620539     0.187834115      0.934244817
0.914849635      -0.170877491     -0.012940211     1.191148424
1.044687062      -0.071097326     -0.050885041     1.105279598
1.059340068      0.228943908      -0.173390546     1.062752405
0.851250116      0.329172267      -0.441511362     0.911798127
0.933835345      -0.051015642     -0.18308689      0.907795777
1.102131417      -0.077597727     -0.048992776     0.713765986
1.162424914      -0.072049038     0.21524897       0.375889727
0.855701197      -0.271108904     0.064020344      1.021682597
0.824606835      0.05254008       0.02575493       0.661851232
0.933704816      0.158711736      0.02156152       0.86638948
0.833602676      -0.015728374     0.053503663      0.981509256
1.427500386      0.226567324      0.02357216       1.084090412
1.611743928      0.085603652      -0.184540622     1.064430494
0.981378086      0.069662835      0.264829779      0.899759997
0.729904808      0.13077358       -0.066750083     0.873941466
1.178759518      0.074846948      0.302740288      1.160492673
0.909602974      -0.143929335     -0.254270095     1.166688698
0.823954642      0.308026898      -0.116366239     0.810831801
0.789076493      -0.149677136     -0.22538839      0.811906919
1.153934456      -0.276529758     -0.000963136     0.982062335
0.73423161       -0.10617518      -0.012679036     1.310406067
0.64942058       0.039785547      0.115593135      1.021153593
0.909052094      -0.208448886     0.119202878      0.866733524
1.012254305      0.211878211      0.018623219      0.775318904
1.15418421       0.043395564      0.294415418      1.039907729
1.303849976      -0.21073981      0.132166699      1.050168278
1.03352037       0.387381279      -0.221661771     0.590997081
0.724362755      0.003637432      0.032876701      1.142869094
1.075986555      -0.234351949     0.173681023      1.052327276
1.211250771      0.030499486      -0.076392777     1.183846483
0.842875926      0.376878592      -0.22573915      0.977782975
0.823528479      -0.166384328     0.268189235      0.881743859
0.996333901      -0.295411897     -0.067673117     1.024358534
1.307926378      -0.106200976     -0.110834884     0.799590864
1.085884691      0.085845765      -0.024224633     1.235828281
1.139771024      -0.059805273     -0.061032678     0.73505447
0.726358259      0.077573022      0.147548735      1.048997395
1.234714693      -0.139920364     0.089236818      1.078670548
0.818621186      0.086256264      0.247992279      0.927840155
0.964912179      0.091348203      -0.024287387     1.060306982
0.868712753      -0.024771693     0.026877334      0.844058011
0.917033462      0.052331766      -0.107819595     1.329367089
0.836864143      0.053110234      0.126266699      1.244093488
1.174042274      0.083650669      -0.232874596     0.893350689
0.924392069      0.273802836      -0.002261693     1.252597859
0.789865249      0.222540176      0.077795701      1.035715234
1.56833074       0.414885183      0.1427135        0.500180036
1.092360379      0.424252892      -0.127821428     1.145129696
1.077727322      -0.042280049     -0.068502907     1.074099488
0.690768845      0.022096132      -0.100709525     0.771834525
1.135894155      -0.202660651     0.139828063      0.953992568
1.170965431      -0.350417348     0.156055076      1.261671282
1.004963941      0.207258368      -0.069036819     0.984888913
0.641538412      0.075548946      -0.122633023     1.147686013
1.224132275      0.667509303      -0.055724647     1.133608525
0.793832564      0.88264029       0.693428172      0.054900253
1.071540886      0.754844324      1.258245957      0.042256579
1.098755151      1.009677897      1.184321249      0.236792312
1.089258431      0.760639562      0.855182917      -0.319329721
0.716446234      0.821063807      1.114786751      0.240893281
0.930572827      0.75217197       0.648018268      0.118653244
0.538941404      1.077647159      0.817267613      0.398223243
1.118583203      0.887011163      1.168655629      0.119815408
1.076503309      0.993519328      0.914410887      -0.210919419
1.21198842       0.993071952      0.842813778      -0.364521277
1.003727248      0.988110226      1.036253614      -0.146003382
0.980405607      0.834488594      0.803532268      -0.002803096
0.953102751      1.240175176      0.660114887      -0.221941926
0.794271299      0.80714717       1.032303107      -0.246720759
0.93800098       0.913673627      0.958990806      0.186368316
0.781183405      0.813275431      0.960458254      0.055842609
1.511049573      0.763174407      1.152306158      0.012474659
0.987517063      0.904743256      0.927669911      -0.110489393
0.874800997      1.007937439      0.943184574      0.121531067
1.008080863      0.535722058      0.712490912      0.523155354
1.393417797      0.921512926      0.624717063      -0.616217632
1.171399093      1.290530342      0.906771463      -0.072277559
1.625758847      0.957434333      0.734648436      0.133161333
0.771110683      0.740486213      1.015328789      -0.010256753
1.069499898      1.052446562      0.930987742      0.074554516
0.934034497      0.612460054      1.240985908      -0.26456642
1.046001747      0.889237402      0.900203282      -0.058989695
1.105144819      0.870891586      0.921965861      -0.315344741
1.134581447      0.629995323      0.882892686      -0.033344335
0.891988274      1.032196264      0.946291578      -0.043572282
0.871371298      1.090421379      0.939008651      0.040248515
0.935600486      1.203445014      1.133459488      0.192665585
1.031162504      1.311999248      0.732286537      -0.1658072
0.956458192      0.8945834        1.052172694      0.30868413
1.602689981      1.156350452      0.954018293      0.358648151
1.174320322      0.888937522      1.374989805      -0.196939503
0.787829375      1.061787322      0.682556359      -0.174929266
0.593792035      0.831299794      0.744484339      -0.068079084
1.338255347      0.984795605      0.96705106       -0.075160616
0.899314742      1.247707434      1.164500538      0.276253145
1.326712236      1.058705847      1.097568392      0.327212849
0.899651419      0.919147227      0.871144552      0.173361631
0.88091175       0.563942736      1.005043277      -0.25315218
1.015207768      1.03952631       0.603943117      -0.02279106
1.008400381      1.38450354       1.060705444      -0.100869462
0.706501601      0.81437601       1.254632618      0.49092211
1.038181611      0.934203221      1.004814559      0.024366495
1.092665167      1.190414301      0.914391727      0.242655813
1.10635371       1.32882677       0.759808464      -0.195790953
1.024860551      0.847191314      0.87341295       0.307217985
0.784891474      0.893945185      1.271043308      0.202402046
1.193760892      0.64687577       0.931222073      0.022849568
0.895213148      1.043036707      0.874822         0.0908124
0.744445897      1.266360266      1.273488631      -0.208626372
0.830600215      0.996793015      0.640061345      -0.11618066
0.832259882      1.182657834      0.937102784      -0.028016705
1.14734562       1.024578691      1.014779628      0.176854597
1.459222266      1.066659664      0.860138748      0.136500255
1.098237162      1.206906734      0.860148122      0.064180042
0.996806764      1.125553525      1.062587948      -0.234241342
1.087264663      0.630671113      1.123034034      -0.10962301
0.831270894      1.247506337      1.031963242      -0.212249384
0.899943553      1.012373801      0.990910435      -0.079993989
1.069976576      1.462525316      0.830329418      -0.268270073
0.876689929      1.513745682      1.120907935      -0.225080471
0.89803585       0.82329465       0.813201067      -0.056859905
0.79522128       1.382264445      0.975427422      -0.456509488
1.151257798      1.0533775        1.09983417       -0.058383835
1.180234804      0.929627971      0.790675879      -0.106883587
1.205926067      1.02451758       1.048833125      -0.017190223
1.131831214      1.105641894      0.952030418      -0.42559802
1.225464191      0.980485191      1.178501538      0.08417275
1.45432743       0.82007052       1.304458283      0.276098772
0.971953973      1.061305599      0.730404439      -0.341675679
0.946367278      0.787258951      1.144083812      -0.291444362
0.873622133      0.982384823      1.006957079      0.320683863
1.424693331      1.241846982      1.012737728      0.036983646
1.070030324      0.764738547      1.21966443       -0.083543567
0.749962466      0.987079593      1.105391504      0.237431285
1.047399791      1.154247039      0.988514324      -0.275577506
0.936523929      1.022849388      0.941217233      0.233980864
1.037492919      0.928733553      0.938222697      -0.293308908
0.869256237      0.834443175      0.983134489      0.347322549
0.975119849      0.985518685      0.847653408      -0.087148038
1.19803078       1.294727784      1.241158428      0.081601368
0.71951613       0.922385759      1.107475175      0.380415934
0.727249118      0.927687998      1.133834491      -0.054544807
0.964775599      1.061556574      1.034403502      0.02002351
0.759646894      1.040673505      1.041539091      -0.458904001
0.993752924      1.347256746      1.025821411      -0.04606519
1.450032667      1.372946038      1.244058261      0.135138355
0.916641346      0.767786533      0.922311716      0.120006267
0.898780379      1.126024558      0.782887102      -0.133607948
0.475584632      1.101181029      1.12249474       -0.22619175
1.080480297      1.010077639      1.16312907       -0.007498841
0.68242076       1.051167253      0.7340777        0.399519336
0.987256137      1.199579309      1.171881559      0.083432041
1.058578663      1.171227176      0.917527878      -0.158846177
0.612298595      0.790616617      0.962280437      0.269139927
1.365679245      1.233423541      1.121100373      0.197810177
0.791092939      1.30276332       0.993423405      -0.032516491
1.174570969      1.100895753      1.307446883      -0.118429879
0.848861456      0.469242852      1.206801773      -0.16768624
0.714958392      1.286137275      0.711562233      0.114918891
0.814379179      0.70463135       1.056046587      0.237220401
0.997495907      1.316945608      1.0396714        -0.056959252
0.951041492      0.981556123      0.883181019      -0.380936439
1.036259841      0.835275488      1.414832571      0.073364139
1.187580601      0.670387176      0.507908246      0.065413766
0.769499024      1.188861892      0.81996097       -0.363301234
0.677663759      0.928612727      1.172962686      0.397938622
0.903262883      0.967596948      0.76701882       -0.207489707
0.68235021       1.024955638      0.742660018      -0.36084378
0.943034162      0.942305739      0.811587113      -0.342174614
1.070555848      0.763618761      0.917742503      -0.184055401
0.848273556      0.521414428      0.849739151      -0.205271094
0.854513682      1.170256219      1.079006519      0.151337334
0.566462933      1.18836098       0.669503963      0.095940654
0.998848311      0.942831309      1.40292128       -0.143228188
0.90428819       0.872520142      1.079104727      -0.170803699
1.131023079      1.203124874      1.008529374      -0.358570208
1.034306907      0.847546722      0.749953709      0.036631734
1.303582797      1.114964759      1.147436144      -0.211631875
0.573816713      0.728192017      1.0066188        0.15488841
1.167859171      1.180393571      0.91533203       -0.13893613
0.910304937      1.059557047      0.975239205      0.165519998
0.769153909      0.999444473      0.872374908      -0.240809576
0.88132449       0.953667799      0.739689835      -0.207202177
0.958947997      1.23511176       1.080738603      -0.049951381
0.847685447      1.23552135       1.346118162      0.122014251
1.07861324       1.259980498      1.097463798      0.102999901
0.637605294      1.478076566      0.853291881      -0.10793395
1.003776158      0.869969089      0.576873212      -0.194968843
1.061943214      0.809318858      1.180487241      0.136946155
1.427751357      1.414592042      0.754270917      -0.01920448
1.173017878      1.037213475      1.050267548      0.120358125
0.681121854      1.254986409      1.084216819      0.394493499
0.739362269      1.04661673       1.078752249      0.02803187
0.953736291      0.728818825      1.114814121      0.27709169
1.074555994      1.217392119      1.137705836      -0.232348447
1.17258045       1.119564129      0.776801589      -0.011490515
1.168284996      0.761219684      0.737600957      -0.049807081
0.958255243      0.909506404      0.611145015      -0.304832422
1.373429983      0.934870201      0.967504647      0.092718207
0.823877261      1.005719169      1.205444376      -0.237524145
1.007373094      0.889993338      1.209112725      0.098812842
0.971378312      0.891753268      0.854309775      -0.158710457
0.798993894      1.042732911      0.941380922      -0.110054729
0.946746405      1.017922312      0.671601987      -0.075663362
1.208502238      0.554684228      0.652523767      -0.292640928
1.180414981      0.832813348      0.797544294      0.209299382
0.741272803      0.931796632      1.134490713      -0.10097003
1.050578958      1.101574762      0.921617158      0.178744309
1.089866312      1.106251714      1.240984018      -0.036526043
1.25495451       0.918197661      1.070854998      -0.034526813
0.854334197      0.837974218      1.418935381      -0.227931732
1.074952274      0.913588314      0.758712326      0.110375476
1.004409745      0.979560283      0.687952805      0.011194258
0.709869365      0.949127881      1.13468055       -0.092614861
0.947187102      0.969194298      0.914650476      0.157458116
0.988289057      0.969117526      0.766064513      0.075432148
1.065574335      0.539592007      0.686578814      0.012568737
1.424552027      1.293191623      0.836662171      0.003745802
1.264624222      0.742261399      0.988289277      0.226891089
1.174263305      0.75789357       1.169599449      -0.021667027
0.902320542      0.946327342      1.104268223      0.404843707
0.962479984      1.136678496      0.983803967      0.092671456
0.988239897      0.936066174      1.013540844      -0.04374029
1.080315968      1.129035005      0.922509118      0.222718986
0.783639422      0.917660023      0.996554255      -0.290725682
1.092267152      0.961638106      1.177323421      0.247968317
0.791826056      0.827421544      0.816646338      -0.39877708
1.458247075      0.900669347      0.749850983      0.191910305
0.958070872      0.634445056      0.83990336       0.258716082
0.910622108      0.936697435      0.947769492      -0.334963213
1.011108534      0.615887495      0.982302818      -0.068576265
0.787707003      1.032531757      1.102104258      -0.205634321
0.995778176      1.561172089      0.777767266      0.004681602
0.828763602      0.619617975      0.943683644      -0.145485772
0.818189733      0.725348233      0.835989617      -0.100722746
0.980238975      0.941262459      0.790933714      -0.183709435
1.053579266      0.821775603      1.389253981      0.201013587
0.987253301      1.047221025      0.882023459      0.162772283
0.756731519      1.349927885      1.134725177      0.102875961
0.846325688      1.260226953      0.685158376      0.040401742
0.88613009       0.863756981      1.172213629      0.072290124
1.171056998      1.238910884      0.649675839      -0.062334831
0.937097444      1.170181354      1.403855469      0.462963372
1.047616119      1.111113067      0.931792187      0.020574379
0.893137896      0.823313998      1.011307351      0.125640961
1.21804077       1.164869155      1.253780406      0.143644704
0.78777563       1.137582743      1.211336169      0.16219771
1.199970786      1.267153644      0.791409114      0.263467808
1.060807765      0.838230825      0.846761679      -0.052627209
0.938235275      0.980106494      1.170007247      -0.374533871
1.046391672      0.840465046      0.872810595      0.446603756
1.093686469      0.656466379      0.894505079      -0.067235218
1.00596848       0.937581142      0.924865755      -0.05165874
0.781500114      1.096176999      0.497771244      0.305969351
0.814759989      1.079639917      1.1623503        0.095470359
